4929
6033
1550
3466
9915
1913
6607
3119
2365
2102
3062
9679
9413
1118
434
7041
9532
7292
9880
2082
2582
5981
5295
4763
8148
5517
8063
5411
737
6542
8312
9508
2251
6641
1431
8818
9772
2528
1777
7924
2079
7715
7898
836
5163
9883
3446
8259
7681
9343
510
2641
1814
9918
4169
9078
2041
392
2931
4174
7052
460
4137
1217
1027
655
2021
2082
5624
3552
8905
9491
6537
8904
2619
1904
6819
6703
9445
4559
2376
9644
4678
3908
6638
9430
296
206
8642
2185
6278
6150
5989
4392
2575
1877
8764
5459
6385
3193
9119
376
3492
5285
2438
3787
3168
7023
8981
4602
448
7402
6050
1193
3301
7612
557
9004
4573
7996
8461
3787
5913
8535
1247
9003
1129
7598
6511
4045
3730
6114
1442
5412
6039
3379
6813
9785
2659
2873
5921
1507
512
419
1917
4235
2955
7741
5987
2662
6775
2404
3079
337
9718
4907
7154
891
9274
4608
213
2393
4599
7070
8340
4077
4090
5950
6628
9303
8177
4357
903
5342
8320
5985
5948
8961
4170
9232
8096
9522
8383
4515
4448
4546
5213
321
3875
6498
9643
6784
8393
4218
1992
3080
976
3151
1947
3807
7492
3998
3951
5196
8115
9313
6492
216
6645
6522
8625
3874
4789
5602
2637
8867
7568
2651
3281
3749
3189
3701
8411
2178
7169
3191
3193
4686
8937
4216
6453
9231
3247
2312
264
8202
7519
302
7852
9453
5372
846
3770
4371
3825
2706
3218
1022
4272
4383
8198
538
1123
4098
3976
1307
2422
6371
6938
7649
9805
8967
5315
7842
8017
3463
3687
3357
5552
3238
3729
1370
1855
6441
6076
5207
1407
506
7866
9348
8233
540
8405
5720
9278
5319
2650
7312
1576
9202
701
1683
2823
4171
9868
5388
7638
7464
4658
4032
1932
8707
8358
3691
6781
9233
6521
3581
3182
5960
3611
1672
5281
3293
9987
3083
549
6855
3870
1071
4062
2290
7284
8415
1940
6929
5721
9730
335
6499
2532
634
6787
6778
8910
3531
5852
4149
3697
7716
2090
7951
8534
9686
7847
5088
6274
1291
5803
9917
7759
5182
3257
5552
7192
6904
676
6233
5744
3055
5158
6664
3858
4843
8900
5409
1420
2277
7226
37
3788
4134
8429
2017
3216
9313
9319
4917
574
6688
3960
4651
2149
3463
229
6197
2302
1716
3552
3957
1731
3285
9891
2678
1663
7377
810
6948
181
9267
2102
4994
5929
2687
6216
1679
618
1658
5181
9084
2626
4220
1338
7222
1457
730
8695
784
1488
1568
1580
7374
4164
4144
1102
8739
2576
6589
1584
6579
647
3266
5137
7770
6180
2039
6314
7489
851
9876
1386
101
9575
3147
2434
1449
5781
7675
1524
9202
5837
6799
5905
2487
4202
2706
4515
6356
2174
2713
3938
7991
8032
7819
7348
4419
9336
7474
2445
2323
2447
9201
6869
8
1867
8761
5675
4210
8483
6389
185
7411
9240
7578
7886
1318
7338
5295
374
9624
8695
6360
4132
4657
5255
7047
4660
9816
22
3781
1811
5091
1677
1494
2224
1999
9676
8150
1041
6661
7182
3761
2949
7469
9301
3597
558
5073
9490
1638
4671
3334
1249
3041
2129
830
4863
9509
4287
5735
6615
1225
8730
3592
525
5504
5945
8883
8092
7837
5344
447
5534
488
7710
1692
8411
9618
1015
3568
9860
4975
5911
8675
8907
6036
5506
6689
4441
8697
826
3986
9282
1692
9745
7434
2227
888
5585
1565
1698
6003
4117
1332
857
9085
7864
9925
2726
7483
1688
282
6842
6947
7295
1001
8551
7061
4222
2685
9127
7990
2979
5058
7903
5469
5101
5356
2695
3092
8470
1960
514
5895
9839
7696
3161
2466
6877
7880
1812
17
581
5570
9782
6478
6837
4131
4537
7209
8150
8717
8685
2519
3669
2838
3723
2537
1939
4059
426
3279
4877
9830
3391
9536
1418
7728
9347
4314
6464
8897
9640
3646
1450
8588
1092
9496
7362
4427
7339
6740
437
2285
4641
9374
2030
4579
3982
1947
4594
8780
8227
245
4204
8812
2136
4845
9100
7746
3080
1026
9002
6335
2958
1985
8875
2378
2901
6682
3482
3982
2239
6217
5347
8197
1347
5520
9349
8677
3429
6327
2606
2832
585
8691
6045
4522
9801
3023
6247
1675
4174
5499
4293
6552
5160
6677
4573
481
6557
9855
2246
1175
7595
7412
8674
6869
2883
9761
9857
2169
241
5575
258
9259
110
3821
6713
3746
5019
1688
1881
4646
1492
2086
2086
940
1839
202
4052
212
5296
7183
801
4535
3609
2707
4631
5083
2124
9290
1647
278
405
9613
9202
1424
4408
5736
9549
1680
990
3713
9621
1971
144
2854
4602
3235
700
5666
8737
8248
9758
9097
7142
3165
4900
7795
909
4587
7391
8702
7122
2423
4655
7112
2500
6073
5995
140
2464
1316
8296
5941
1348
8816
8918
1876
2474
7007
174
498
8689
1180
3161
3476
6911
8821
9249
4409
7066
4029
1825
8951
637
1338
7668
590
2676
5897
4425
9132
7039
6768
5291
1916
1727
6182
4540
6601
8409
9773
1608
1668
3856
4486
2820
9439
4593
1667
2153
8857
7389
9066
7154
3040
5295
7434
3865
8885
2398
6624
6889
5531
6611
8253
2195
6913
5637
4971
731
3275
276
6115
4813
9340
5837
6387
3256
189
3552
3966
9827
3197
6956
8079
9220
308
2535
7386
1565
8661
3599
8835
1357
8058
9022
455
1785
8462
3627
7669
7016
667
7484
8740
2092
8888
3872
5640
7732
6540
7992
4036
8726
8106
579
3165
2867
9276
1055
6265
2570
596
6517
223
436
3588
3729
2800
3728
6709
6338
9246
657
9522
7231
8424
8411
6954
3253
3599
6470
7423
166
3091
5149
2666
9241
8628
9642
9636
5157
2021
7030
3969
5484
338
1061
9811
6138
6587
6906
8766
796
9723
4633
2825
4351
2269
4488
6351
9062
9285
5029
9332
4721
5698
6533
4718
196
6765
3601
7788
6122
9344
8163
7813
362
9684
3539
9537
8079
3981
5560
9829
6218
873
3038
9015
471
7508
2412
2522
6103
4925
7673
4332