6143.127
1481.655
4631.565
6948.041
642.968
3000.639
8348.401
8864.322
973.705
6568.237
5423.059
9623.071
652.637
3370.05
565.569
3925.125
44.361
6053.59
7538.797
4281.299
2893.814
2516.4
9887.506
4108.323
5383.036
5032.4
4958.574
375.175
6158.827
6071.822
2060.419
4301.282
2399.745
987.063
5790.399
4775.983
6483.286
7978.988
3232.313
330.103
8723.929
2978.329
1351.006
9295.942
171.086
8515.723
8493.21
1895.728
9250.936
5525.222
9543.437
8052.564
6254.86
6735.065
2392.412
2669.451
4184.1
4783.867
5146.794
2435.188
5070.638
2114.557
9153.251
362.32
3439.313
2890.039
4667.064
5138.215
4993.921
2168.412
1700.298
791.91
3955.531
8816.618
2717.206
4451.062
1836.249
1619.252
6025.087
3918.175
6139.134
2372.794
3384.147
600.375
1513.542
3523.57
3941.741
8419.266
3013.811
160.065
5860.51
2678.597
8312.214
2805.763
3479.753
7742.085
6506.513
639.516
7858.27
8777.338
9671.126
9532.097
6436.145
9101.759
7642.182
9105.919
3930.332
5583.953
1728.992
3091.677
8978.55
8761.228
4559.482
6026.287
5225.044
573.977
9642.607
1304.48
4508.268
9934.112
6500.454
9903.363
6502.026
6741.738
6941.836
6132.437
5234.379
7494.584
4040.608
8212.497
5367.957
2973.696
371.04
2892.704
1093.929
3268.056
3517.039
7763.047
2479.666
8121.339
71.33
2222.232
6020.09
3516.175
7661.012
6445.488
6828.945
8875.495
5966.289
7894.829
4428.007
630.435
6676.949
7416.093
8335.651
4242.891
7153.254
2165.849
294.711
5949.942
1778.519
6714.53
614.202
9219.17
4720.521
2288.521
1924.821
3675.368
9278.032
3899.197
5200.153
518.847
1893.358
531.105
2314.952
5402.636
9612.233
273.05
8838.151
948.449
5931.622
2371.724
9528.478
2623.333
8985.335
720.38
6677.205
3195.623
692.92
8151.261
6952.518
1486.75
6345.16
6772.772
3574.776
8211.398
4958.238
9984.78
4024.682
7342.741
5063.572
9581.308
8508.864
5128.504
3094.903
804.221
7472.312
5243.658
6784.922
4281.034
6481.441
5125.085
78.498
8539.444
8555.585
5477.337
1898.833
5013.23
5297.157
1547.637
4864.738
6566.009
9658.353
1637.34
3688.594
5032.391
1424.328
512.693
3999.416
1938.077
862.466
3462.602
7370.059
3159.737
3266.463
8554.251
8209.142
5896.429
1388.155
2847.735
6050.226
5913.335
6975.611
7794.472
1085.114
1571.715
5382.997
4544.247
4691.99
4079.589
9686.514
5701.365
8619.636
5878.876
8010.087
7999.288
8209.919
5153.567
392.527
5347.003
6279.969
1644.297
9462.091
1911.989
230.849
1601.964
2019.775
1847.47
4369.468
8491.754
9244.31
5559.286
6850.375
4185.63
5953.436
6948.667
9422.068
4046.591
9300.835
8954.263
6864.36
1963.759
2111.192
804.793
5392.081
8508.731
9440.918
9458.42
3215.238
2208.334
2662.085
3468.342
7967.899
4629.206
5000.942
6698.025
5175.534
5532.07
4053.225
3712.911
9465.632
1228.944
8540.651
7512.489
687.179
9512.692
4923.664
4751.832
8201.363
1629.896
7025.053
8643.094
6160.076
5679.253
8234.22
8683.983
7069.864
6928.922
6526.131
9552.164
9142.382
2577.306
8925.363
6247.605
8594.578
5165.134
2321.357
6515.262
1290.643
7414.324
4525.678
8819.288
4016.766
9130.167
5528.606
4299.011
6616.668
317.443
8669.551
7706.256
957.325
3828.012
4230.857
167.813
7558.43
7470.884
975.535
4221.816
7084.531
235.227
1217.341
6466.035
2320.344
7903.751
2627.126
1.605
6111.619
7511.709
3541.365
1694.872
5960.598
1213.884
7183.445
4589.019
1514.178
7713.811
9438.707
8449.438
3816.603
4225.67
9887.48
2437.795
5186.331
6905.538
3720.018
1197.569
7650.767
8353.078
1819.093
5792.419
1048.542
3678.362
6778.073
9427.543
8587.047
5189.424
4730.79
7064.017
2891.738
9472.122
3171.451
437.972
8559.5
4266.858
3246.191
9113.648
3311.422
3569.417
2727.289
8834.667
860.188
3297.225
9407.469
618.389
5640.566
4086.775
8362.012
6415.983
1788.892
2629.414
4375.662
6239.521
8179.813
6352.533
6018.867
1881.404
9493.798
4137.905
883.877
6875.586
9935.458
350.862
7614.021
1128.012
5129.934
3582.648
9913.671
186.096
3031.864
1965.451
9233.542
487.818
1511.993
1217.676
2760.778
2707.316
3000.012
2763.871
2862.509
5950.759
9064.819
4312.81
1768.264
8108.377
7861.347
7649.643
6409.243
9586.493
4255.72
6281.014
4981.491
1558.046
6958.046
1435.193
588.292
9184.092
7634.567
3120.113
1206.285
6105.913
6861.82
7306.261
9918.979
9203.243
9864.008
2759.68
1640.8
3118.343
7132.498
2953.11
8858.281
2537.393
4050.36
738.856
5213.292
9362.495
7887.719
5231.28
4899.94
3157.494
1090.671
9449.331
7065.279
3889.399
8796.45
494.352
3490.745
1924.794
3614.531
5172.049
6646.441
5541.297
7072.563
9866.442
706.556
8117.132
6192.104
751.432
4647.679
7207.407